1 10 20
100 200 125
201 210 89
900 1000 174
1001 1200 182
1201 1400 177
1401 1600 172
1601 1800 180
1801 2000 175
2001 2200 170
2201 2400 183
2401 2600 209
2601 2800 191
2801 3000 217
3001 3200 199
3201 3400 181
3401 3600 194
3601 3800 238
3801 4000 189
4001 4200 189
4201 4400 215
4401 4600 184
4601 4800 197
4801 5000 210
5001 5200 179
5201 5400 192
5401 5600 236
5601 5800 205
5801 6000 218
6001 6200 262
6201 6400 200
6401 6600 244
6601 6800 182
6801 7000 257
7001 7200 195
7201 7400 208
7401 7600 239
7601 7800 221
7801 8000 252
8001 8200 190
8201 8400 234
8401 8600 203
8601 8800 216
8801 9000 247
9001 9200 198
9201 9400 260
9401 9600 198
9601 9800 198
9801 10000 242
200 1 125
400 201 144
600 401 142
800 601 171
1000 801 179
1200 1001 182
1400 1201 177
1600 1401 172
1800 1601 180
2000 1801 175
2200 2001 170
2400 2201 183
2600 2401 209
2800 2601 191
3000 2801 217
3200 3001 199
3400 3201 181
3600 3401 194
3800 3601 238
4000 3801 189
4200 4001 189
4400 4201 215
4600 4401 184
4800 4601 197
5000 4801 210
5200 5001 179
5400 5201 192
5600 5401 236
5800 5601 205
6000 5801 218
6200 6001 262
6400 6201 200
6600 6401 244
6800 6601 182
7000 6801 257
7200 7001 195
7400 7201 208
7600 7401 239
7800 7601 221
8000 7801 252
8200 8001 190
8400 8201 234
8600 8401 203
8800 8601 216
9000 8801 247
9200 9001 198
9400 9201 260
9600 9401 198
9800 9601 198
10000 9801 242
1 1 1
3428 3428 31
6729 6729 138
8882 8882 185
10000 10000 30
